Sex	Height	HeightF	HeightM	ChildFF	ChildF	ChildMM	ChildM
female	172	178	167	3	2	2	2
female	165	170	168	2	1	2	1
female	173	167	171	4	2	4	2
female	168	197	168	2	2	3	2
female	166	175	160	4	4	5	4
female	162	189	158	2	2	2	2
female	180	182	160	5	2	2	2
female	180	186	178	3	3	2	2
female	176	196	166	2	1	2	1
female	164	198	159	3	3	2	3
female	158	178	168	2	2	3	2
female	163	176	170	2	2	2	2
female	169	193	161	3	2	1	2
female	169	180	155	3	2	7	2
female	170	176	168	3	2	1	2
female	170	178	172	2	3	3	3
female	177	192	159	2	2	2	2
female	163	198	162	3	1	3	1
female	167	180	165	3	2	2	2
female	170	175	165	5	2	4	2
female	169	183	163	2	3	3	3
female	167	182	164	1	3	3	3
female	173	198	165	5	3	4	1
female	169	186	158	2	3	3	3
female	168	188	171	3	4	3	3
female	166	183	176	3	2	3	2
female	165	168	157	7	4	7	4
female	158	179	162	2	2	8	2
female	171	168	165	5	4	2	4
female	165	182	163	4	3	3	3
female	158	165	173	1	3	2	3
female	172	179	167	3	2	6	2
female	180	190	169	4	3	5	3
female	179	182	173	4	2	3	2
female	169	182	169	3	2	2	2
female	176	178	180	4	3	2	2
female	174	182	164	4	2	4	2
female	180	190	172	2	2	3	2
female	175	182	171	4	5	12	2
female	168	185	165	2	1	3	1
female	169	176	166	2	3	3	2
female	160	178	165	3	3	1	3
female	167	180	171	2	2	3	2
female	163	177	162	5	4	3	4
female	163	172	162	1	1	2	1
female	171	176	176	1	2	3	2
female	184	196	178	2	2	3	2
female	168	183	158	2	2	3	2
female	173	184	173	4	3	3	3
female	172	182	175	10	2	3	2
female	170	180	158	2	2	2	2
female	168	172	172	5	2	1	2
female	168	180	165	3	2	4	2
female	164	172	171	3	2	5	2
female	167	178	156	2	1	3	1
female	167	191	165	3	4	4	2
female	170	172	170	3	4	4	4
female	172	185	163	2	2	4	2
female	156	177	163	3	2	2	2
female	158	175	165	1	4	4	3
female	178	180	174	1	3	3	3
female	170	182	165	3	2	3	2
female	168	178	166	7	4	6	4
female	175	185	166	2	2	2	2
female	170	183	162	2	2	2	2
female	167	168	156	2	4	8	4
female	168	179	181	3	2	2	2
female	176	180	165	2	4	4	4
female	167	186	158	1	2	3	2
female	167	177	175	3	4	2	2
female	173	188	160	2	2	4	2
female	165	175	163	11	4	5	4
female	182	186	176	1	3	3	3
female	167	175	165	3	5	2	5
female	176	184	168	3	3	3	3
female	178	195	168	2	2	4	2
female	158	176	165	3	2	1	2
female	176	170	160	4	3	2	3
female	176	185	165	2	3	1	3
female	174	184	176	3	1	1	1
female	163	175	165	3	2	7	2
female	162	180	161	3	2	4	2
female	162	185	154	3	3	2	3
female	162	178	165	1	2	2	2
female	156	180	163	5	3	2	3
female	156	180	163	5	3	2	3
female	166	178	163	3	3	4	3
female	168	178	166	2	2	4	2
female	170	175	160	3	3	9	3
female	166	175	166	3	5	8	5
female	175	183	170	5	3	4	2
female	172	172	165	4	2	2	2
female	163	173	163	1	2	3	2
female	178	190	170	4	2	2	2
female	165	180	163	2	2	2	2
female	174	188	164	3	4	2	2
female	155	170	156	3	3	3	3
female	162	176	159	4	3	4	3
female	163	178	165	3	2	2	2
female	169	178	167	2	2	3	2
female	160	176	167	2	2	3	2
female	170	184	169	2	1	1	1
female	168	180	162	2	3	2	3
female	165	183	172	3	3	4	3
female	175	177	168	4	2	3	2
female	174	194	167	3	3	3	3
female	180	197	156	1	3	5	3
female	168	168	164	3	2	4	2
female	165	175	168	2	2	4	2
female	174	178	167	1	3	2	3
female	168	179	172	2	2	3	2
female	176	186	170	2	2	2	2
female	174	180	167	3	2	4	2
female	170	180	155	8	2	2	2
female	177	183	165	3	2	2	1
female	173	182	167	2	2	4	2
female	170	184	170	6	2	2	2
female	179	189	173	3	2	4	2
female	164	174	167	4	2	4	2
female	183	179	168	3	3	12	2
female	164	172	171	4	2	3	2
female	167	175	170	2	2	2	2
female	168	182	170	2	4	3	4
female	166	176	170	3	3	2	2
female	168	188	158	1	2	1	2
female	165	178	164	2	3	2	3
female	180	180	180	3	2	2	2
female	163	187	160	3	3	5	3
female	165	178	164	1	1	3	1
female	167	180	162	2	4	3	3
female	165	178	160	4	4	2	1
female	157	185	161	4	2	2	2
female	165	180	165	3	3	2	2
female	173	180	165	1	3	3	3
female	173	177	167	2	2	3	2
female	159	175	160	3	3	2	3
female	176	196	165	2	1	2	1
female	174	188	165	3	2	2	2
female	178	190	158	4	2	2	2
female	170	168	170	2	2	2	1
female	170	175	172	4	4	4	4
female	171	173	160	2	2	3	2
female	170	182	165	7	2	1	2
female	179	184	175	3	1	3	2
female	169	186	162	4	2	2	2
female	168	178	162	5	2	3	2
female	171	176	162	5	2	7	2
female	173	189	161	2	1	3	1
female	180	190	172	2	3	3	2
female	168	165	155	7	3	3	3
female	177	176	170	3	2	3	2
female	180	182	175	2	2	5	2
female	180	191	174	1	7	3	2
female	178	185	165	3	3	1	3
female	178	180	179	7	2	3	2
female	162	181	160	2	1	1	1
female	163	170	160	2	1	7	1
female	157	179	175	5	3	4	3
female	168	175	160	2	2	5	2
female	174	180	172	2	2	3	2
female	170	175	156	2	2	5	2
female	167	182	174	2	2	2	2
female	168	183	168	4	4	2	1
female	170	185	169	4	2	1	2
female	170	180	164	2	3	3	3
female	174	186	180	2	1	3	1
female	161	174	168	2	2	2	2
male	178	171	165	5	2	2	2
male	186	178	161	3	2	3	2
male	190	184	165	2	2	5	2
male	191	178	169	2	1	1	1
male	192	193	172	3	2	5	2
male	184	178	162	5	1	2	1
male	189	184	154	2	2	2	2
male	186	184	162	3	2	2	2
male	183	179	171	4	4	4	2
male	185	183	168	5	2	3	2
male	177	192	159	2	2	2	2
male	180	181	164	4	3	7	3
male	176	176	169	4	3	7	3
male	191	186	164	3	2	2	2
male	185	186	168	2	2	2	2
male	180	188	176	2	4	1	2
male	182	175	161	3	1	1	1
male	175	168	158	4	2	3	2
male	182	183	170	3	3	2	2
male	180	177	165	2	3	3	3
male	180	178	165	3	2	2	2
male	176	175	173	1	2	2	2
male	175	172	170	3	2	2	2
male	185	175	175	4	3	1	3
male	172	173	168	2	2	4	2
male	180	180	158	1	1	4	1
male	187	168	165	3	5	5	3
male	179	180	152	5	2	3	2
male	179	177	165	6	3	5	3
male	175	168	158	6	3	2	3
male	182	181	164	3	2	2	2
male	176	177	167	4	2	3	2
male	180	183	168	3	3	5	3
male	182	181	168	2	3	4	1
male	185	175	175	4	3	1	3
male	174	180	167	5	2	3	3
male	183	180	165	2	4	2	4
male	170	184	171	6	1	2	1
male	174	175	168	1	2	2	2
male	189	181	172	1	1	4	1
male	180	170	165	5	3	5	3
male	176	182	156	3	2	2	2
male	192	186	164	6	3	3	3
male	202	196	179	3	2	3	2
male	176	174	160	3	2	2	2
male	187	181	170	3	3	2	3
male	185	185	176	4	2	2	2
male	185	180	165	3	3	3	3
male	181	183	170	2	2	4	2
male	176	178	155	2	2	4	2
male	180	174	170	2	2	6	2
male	181	185	170	5	3	3	2
male	173	173	168	1	3	2	3
male	174	181	150	2	2	2	2
male	181	165	177	1	3	2	4
male	178	184	156	5	3	1	3
male	184	186	166	3	3	3	1
male	173	180	160	2	3	5	3
male	181	179	165	5	3	1	3
male	189	180	168	2	1	3	1
male	170	186	158	3	2	1	2
male	187	185	172	4	3	2	3
male	187	188	163	3	1	4	1
male	189	190	160	2	2	3	2
male	188	178	170	5	2	1	3
male	174	176	168	2	3	2	2
male	175	175	160	1	5	6	5
male	187	170	172	6	4	2	2
male	186	175	172	4	2	3	2
male	173	170	168	2	3	3	3
male	192	186	170	2	4	2	4
male	185	175	170	4	2	3	2
male	175	179	167	4	2	4	2
male	176	170	167	2	3	2	3
male	193	183	180	2	2	5	2
male	178	176	168	7	2	5	2
male	182	180	164	3	2	2	2
male	192	180	175	5	5	2	1
male	181	190	174	2	1	4	1
male	176	180	172	4	2	2	2
male	192	180	180	2	2	1	2
male	174	179	169	6	2	2	2
male	185	184	165	2	2	3	2
male	184	179	173	3	2	3	2
male	184	184	168	3	3	3	3
female	193	198	176	2	1	2	1
female	167	172	162	2	2	4	2
female	155	178	163	3	1	2	2
male	180	182	163	2	3	3	3
female	163	180	159	3	2	3	2
female	170	174	169	5	2	2	2
female	180	196	172	3	3	2	3
female	156	178	160	4	3	3	3
male	183	192	169	2	1	1	2
female	160	185	155	4	2	2	2
female	160	178	164	4	2	3	2
female	168	178	165	4	2	3	2
female	169	173	170	4	3	3	3
female	177	192	165	4	2	5	2
female	167	174	169	4	2	3	2
female	180	190	178	3	2	2	3
female	160	175	170	3	2	3	2
female	172	176	175	1	2	3	2
female	166	183	164	3	2	2	2
female	172	181	168	3	3	4	3
male	182	192	169	5	2	4	2
male	176	182	172	4	3	3	3
male	182	171	165	4	4	2	3
female	186	193	167	4	3	3	3
male	182	198	167	2	2	2	2
female	176	181	163	2	1	2	1
female	164	174	160	3	2	3	2
female	183	189	172	4	2	3	2
female	163	192	163	3	2	3	2
female	159	183	164	6	6	2	6
female	170	185	168	1	2	3	2
male	187	188	166	3	1	2	1
female	170	182	162	2	3	1	3
female	188	187	178	3	3	2	3
male	189	184	172	3	2	4	2
female	175	182	165	3	3	2	2
female	161	167	161	6	3	3	3
male	173	183	162	2	3	1	4
female	172	180	170	3	3	2	3
male	183	175	168	2	2	1	2
female	180	180	165	3	4	10	4
male	180	189	168	3	3	5	2
male	182	175	170	6	4	4	4
female	164	180	161	2	2	3	2
male	195	190	176	4	2	4	2
female	165	180	164	5	4	5	4
female	167	185	157	2	3	2	2
male	178	184	165	3	2	3	2
female	170	177	168	3	1	2	1
female	164	192	168	3	4	3	4
female	175	180	165	2	2	4	2
female	160	175	160	4	2	3	5
male	193	196	178	1	2	2	2
female	175	183	173	2	3	6	4
female	176	186	167	2	3	5	3
female	173	185	182	3	2	3	2
female	168	191	167	3	4	4	2
female	170	192	168	3	2	4	2
female	174	175	170	2	3	2	3
female	162	178	163	4	3	5	3
male	194	184	174	4	1	3	1
female	167	174	157	4	2	3	2
female	163	177	166	4	3	3	2
female	180	190	170	5	3	5	3
male	179	174	170	2	3	2	1
male	190	190	165	1	2	4	2
female	176	176	184	1	1	3	2
male	194	182	175	3	2	3	2
male	175	178	163	5	3	4	3
female	177	194	169	2	2	2	2
female	169	180	171	3	2	3	2
female	163	180	152	5	2	3	2
female	158	172	155	3	3	5	3
male	175	178	168	2	3	3	3
female	171	185	172	6	3	1	3
male	182	177	176	2	3	3	2
female	173	184	165	3	3	2	2
female	174	185	163	4	2	3	2
male	181	182	165	1	2	3	2
male	189	186	166	5	2	2	2
female	160	180	169	3	3	4	3
female	165	183	168	5	3	3	3
female	160	173	165	2	1	4	1
female	170	190	160	3	2	2	2
female	169	187	161	2	2	11	2
female	170	181	169	3	2	3	4
male	193	180	165	2	1	2	1
female	166	172	165	2	3	3	1
male	178	189	169	2	2	5	5
female	182	187	172	3	2	3	2
female	163	175	170	3	2	5	2
male	183	183	175	3	3	3	3
female	178	177	177	3	4	3	4
male	196	170	172	7	7	4	2
female	170	180	164	3	1	1	3
female	170	172	165	4	3	3	3
female	158	178	167	3	2	2	2
female	176	180	163	4	1	4	1
female	170	174	163	2	3	1	3
female	168	190	170	3	2	3	2
female	170	185	168	3	3	4	3
female	170	180	150	3	3	3	3
female	165	190	165	3	3	6	3
female	165	177	168	3	2	3	2
male	187	176	175	9	2	3	2
female	161	178	166	4	3	4	3
male	177	177	165	4	3	4	3
female	172	183	175	3	3	2	3
male	172	170	157	2	1	4	2
female	181	198	167	2	2	2	2
female	177	185	179	4	2	2	2
female	173	180	163	3	4	1	4
male	178	180	168	4	2	6	3
female	167	175	176	3	2	2	2
male	185	183	170	3	2	3	3
male	185	172	162	4	3	10	3
male	178	178	160	3	2	2	2
female	162	178	167	3	2	1	2
male	184	176	165	4	2	2	2
female	176	181	175	4	2	2	2
female	168	175	164	4	1	5	2
male	176	170	165	2	3	2	3
male	176	187	163	2	2	2	2
female	164	184	162	2	3	3	3
male	174	172	167	3	2	2	2
female	177	180	171	3	3	3	2
female	173	175	167	7	2	2	2
female	158	176	164	3	7	6	7
female	176	178	170	2	2	1	2
female	175	195	170	5	4	4	4
male	175	175	170	5	2	2	3
male	180	179	165	2	2	2	2
female	166	180	170	2	2	3	2
male	189	183	170	4	2	2	2
male	203	186	180	3	2	2	1
female	156	168	169	3	3	3	3
male	185	186	160	2	2	1	2
female	167	178	180	4	2	3	2
female	173	191	164	5	3	4	4
male	196	190	164	2	2	3	2
male	193	180	168	3	3	3	2
male	192	178	180	2	3	3	3
female	177	197	158	4	2	4	2
female	158	182	155	12	4	2	2
male	189	185	169	3	2	3	2
female	173	176	164	3	2	2	2
male	184	188	169	4	2	3	2
female	165	185	165	4	3	2	2
female	174	182	179	1	3	2	2
male	186	178	174	3	1	3	1
female	172	186	180	3	2	2	2
male	193	185	174	4	2	4	4
male	183	193	165	3	2	2	2
female	169	166	172	2	3	3	1
female	175	182	187	5	2	3	2
female	174	183	167	3	2	2	2
female	175	188	176	2	3	2	2
female	175	187	173	4	2	6	2
female	174	193	158	4	3	3	2
female	173	193	164	4	3	3	3
female	158	186	158	4	1	3	1
female	168	187	168	2	3	2	3
female	172	186	170	4	2	2	1
female	167	175	170	2	3	2	3
male	173	185	155	3	2	3	2
female	164	178	162	2	2	5	2
female	175	182	174	3	2	3	2
female	176	184	164	2	2	3	2
female	180	190	178	3	2	3	2
female	170	183	166	3	2	2	2
female	172	190	170	2	3	1	3
female	162	180	187	2	2	3	2
female	180	189	167	2	2	3	2
male	182	178	166	2	2	2	2
female	174	175	174	1	3	8	3
male	178	180	160	4	4	4	4
male	200	165	180	2	2	1	4
female	162	175	160	5	2	3	2
male	178	178	162	3	2	3	2
male	187	183	167	3	2	2	2
female	165	182	170	2	3	2	3
female	167	171	155	9	2	6	2
female	174	184	169	3	3	2	2
male	194	197	172	2	1	2	1
female	168	186	160	3	1	2	2
female	169	183	169	3	4	3	3
female	191	178	173	3	4	2	4
female	164	187	163	3	2	3	2
male	185	185	170	4	3	3	3
female	166	185	187	2	2	2	2
female	170	169	168	3	2	2	2
male	188	185	174	2	4	2	3
female	167	185	164	5	5	5	1
male	196	193	166	2	2	2	2
male	183	182	181	2	3	4	3
male	183	176	178	2	2	2	2
female	164	163	165	2	3	3	3
female	164	174	174	2	1	1	7
female	164	181	169	3	2	1	2
female	166	174	167	2	2	2	2
male	180	180	165	1	2	2	1
female	175	183	173	3	3	3	1
male	198	187	182	2	4	2	2
male	180	188	168	4	3	2	3
female	160	175	158	4	4	3	2
female	167	178	164	4	3	3	2
female	175	181	177	4	3	2	3
female	163	176	173	4	2	3	2
female	156	172	154	3	3	4	2
female	160	180	158	5	2	3	2
female	158	168	168	3	2	3	2
female	165	175	171	3	2	3	2
female	180	185	172	12	2	3	1
female	178	175	176	5	2	2	2
male	178	178	168	2	3	2	2
male	187	188	170	1	2	2	2
female	158	188	154	6	2	5	2
female	169	183	168	3	1	2	1
female	172	175	165	1	3	2	3
male	173	167	169	3	2	3	2
female	172	182	162	2	2	2	2
female	171	169	168	1	3	3	3
female	167	189	168	7	3	2	3
female	172	180	170	2	2	4	2
male	176	190	160	4	2	2	2
male	180	182	167	2	2	2	2
female	162	168	156	4	2	3	2
female	167	174	160	2	2	6	2
female	164	192	163	3	2	3	2
female	172	183	174	3	2	1	2
female	173	199	162	3	3	4	3
male	174	172	168	4	4	5	4
female	172	180	170	2	3	3	3
male	170	185	165	3	2	2	2
female	160	175	165	3	2	4	2
female	174	172	172	5	3	2	3
male	185	190	175	3	3	2	3
female	182	201	180	5	3	2	3
male	184	185	175	3	3	2	3
female	163	170	172	3	3	4	2
female	170	168	165	1	2	2	2
male	177	180	173	3	4	2	4
female	166	180	164	2	2	3	2
male	193	190	170	2	2	2	2
male	185	187	173	2	2	3	2
female	170	185	169	2	3	3	3
male	180	180	167	2	2	2	2
female	171	182	180	2	1	4	1
female	166	167	165	5	5	3	3
female	175	194	160	2	3	2	3
female	176	186	162	2	2	4	2
female	166	182	166	2	2	2	2
male	173	171	160	4	3	2	3
female	160	192	165	4	3	2	3
female	176	174	174	3	1	4	3
female	180	195	167	2	3	1	3
male	190	182	176	3	2	1	2
male	185	183	168	3	4	3	4
female	175	185	175	2	3	3	1
male	180	184	168	3	2	3	2
male	198	189	173	2	3	2	3
male	185	180	178	4	2	2	3
female	179	185	167	4	4	3	4
female	168	194	170	2	1	3	3
female	165	165	167	3	2	2	2
male	178	175	177	2	1	3	1
female	165	185	167	4	3	8	3
female	163	172	162	7	2	3	2
male	188	181	180	2	6	5	4
female	185	207	170	3	2	3	2
female	160	187	155	3	2	3	2
female	168	184	163	4	3	3	3
female	168	185	180	2	4	3	2
male	176	175	163	3	2	3	2
female	172	185	167	3	3	5	3
male	185	190	167	2	2	5	2
male	198	193	180	3	3	2	2
female	165	182	172	1	2	3	2
female	173	186	172	3	2	3	2
female	158	179	163	2	2	3	2
female	161	186	158	2	2	1	1
female	190	190	175	3	2	7	2
female	178	183	168	3	2	2	2
female	167	182	164	1	1	6	1
female	185	193	170	3	2	2	2
female	165	170	167	6	5	5	5
female	173	192	167	2	2	1	2
female	174	192	155	2	3	6	3
female	166	170	178	9	4	1	4
female	166	172	164	4	4	5	4
female	185	183	172	4	2	2	2
male	180	185	162	2	2	3	2
male	194	177	176	2	3	3	2
male	179	179	168	2	4	3	2
female	165	172	167	2	2	4	2
female	163	175	160	4	3	4	2
female	168	179	160	3	2	2	2
male	183	184	170	4	3	3	3
female	169	185	170	2	1	2	2
female	165	173	178	2	1	3	1
female	168	188	163	3	3	3	2
female	175	182	172	5	2	4	2
female	172	186	167	2	3	2	3
male	192	180	174	2	4	2	4
male	184	180	176	3	3	3	3
female	159	180	164	3	3	3	3
male	185	179	181	4	3	4	4
male	183	178	175	1	4	4	4
male	183	178	175	3	2	1	2
female	169	174	169	3	3	3	2
female	174	202	167	3	2	1	3
female	170	170	158	5	2	3	2
female	166	181	169	2	3	3	3
female	164	190	170	4	2	2	2
female	168	185	167	1	2	3	2
female	170	185	173	4	4	2	4
female	164	185	168	3	2	3	1
female	175	190	175	2	3	2	3
female	172	183	175	4	4	4	4
female	173	185	175	1	4	1	1
female	176	177	178	2	3	3	2
female	169	175	168	1	3	4	3
male	177	176	165	4	3	2	3
female	162	175	165	2	2	2	4
female	164	172	160	4	3	3	2
male	177	171	173	3	4	3	3
female	169	178	168	2	2	3	2
female	173	175	175	1	2	3	2
female	173	185	172	3	1	2	1
male	184	180	165	2	2	5	2
female	171	176	173	2	4	2	4
female	159	180	163	2	2	2	2
male	187	180	160	7	5	3	1
female	173	175	178	6	2	3	2
female	163	180	164	3	2	3	3
female	182	203	172	4	2	2	2
male	180	194	164	5	4	4	2
female	175	188	164	3	3	2	3
female	160	173	158	9	3	4	2
female	163	178	166	1	2	3	2
female	170	185	167	2	1	2	1
female	159	178	173	5	2	3	2
female	176	180	180	8	4	4	3
female	162	180	160	5	4	2	4
female	157	180	160	4	2	3	2
female	160	180	160	2	4	3	2
female	168	195	164	2	3	3	3
female	176	180	178	2	2	3	2
male	195	180	165	3	2	2	2
male	179	185	167	3	2	3	2
male	183	182	175	4	4	3	4
male	185	185	178	2	3	3	3
male	188	185	165	3	4	5	4
male	181	175	170	2	3	3	3
female	175	197	165	4	5	2	5
male	175	174	164	4	2	1	2
male	179	183	174	4	3	3	2
female	168	183	159	2	3	2	3
male	190	186	172	4	1	3	3
female	169	183	168	4	2	4	2
female	170	168	165	5	2	2	3
female	172	180	174	2	2	3	3
male	183	180	174	1	2	4	2
female	175	178	170	2	3	4	4
female	169	175	180	3	1	3	1
female	170	177	164	4	1	2	3
male	179	185	156	4	3	2	3
female	157	174	162	2	1	7	3
male	178	175	178	2	1	3	1
male	192	184	172	2	3	3	3
female	164	179	165	3	1	3	1
male	178	192	169	3	3	4	3
female	162	174	172	3	3	4	3
female	169	188	168	2	2	5	4
female	175	198	162	3	3	2	2
female	165	192	160	3	3	2	3
female	168	177	173	2	2	2	2
male	183	177	167	3	2	3	2
female	165	170	160	2	1	1	1
female	159	183	160	4	1	2	1
male	196	196	173	2	2	2	1
female	172	177	180	3	2	2	2
female	170	187	167	2	2	3	3
female	159	180	163	3	3	3	3
male	180	180	175	2	2	2	2
female	167	172	172	1	3	2	3
female	172	192	167	2	2	1	2
female	174	190	171	1	2	4	2
male	196	185	172	1	2	2	2
female	175	186	170	3	3	1	3
male	188	186	164	2	2	5	2
female	169	178	170	2	7	5	7
male	174	180	156	2	3	1	3
male	183	190	167	2	2	2	2
male	180	178	165	2	2	2	3
female	167	190	161	5	3	2	3
female	164	183	165	3	4	2	2
female	167	176	163	5	4	4	1
female	162	167	165	6	2	2	1
female	159	180	165	3	3	3	3
female	166	172	163	4	1	2	1
male	186	185	165	8	2	2	2
female	176	185	174	2	2	3	3
female	171	196	165	2	3	3	2
female	156	172	162	3	3	1	1
female	163	176	168	2	2	4	2
male	192	189	171	6	2	4	2
female	168	184	169	2	1	3	3
male	193	183	172	2	1	4	3
female	174	182	174	2	4	3	4
female	169	173	169	3	3	2	3
female	173	190	168	2	2	2	2
female	167	192	164	2	1	3	1
female	174	182	177	3	2	2	2
female	164	173	164	2	3	2	3
female	172	179	163	2	3	6	3
female	163	170	165	2	2	2	2
female	171	172	167	2	2	10	2
female	167	178	166	4	2	4	2
male	184	186	162	4	4	3	4
female	160	182	158	4	3	2	3
female	172	188	172	3	3	4	3
female	164	183	168	2	2	2	2
male	184	190	172	4	3	3	3
male	178	175	175	6	4	3	4
female	165	186	172	5	4	3	4
female	168	177	180	2	2	2	2
female	171	185	168	4	3	2	3
male	186	174	163	7	2	8	2
female	180	189	181	2	2	3	2
male	182	179	174	13	7	3	7
female	180	192	178	2	3	3	3
female	184	194	174	6	4	7	3
female	172	180	170	2	2	3	2
female	165	176	168	2	2	2	2
female	165	185	172	1	3	2	3
female	174	180	174	5	2	2	2
female	162	172	169	3	2	4	2
male	175	176	150	2	2	4	2
female	168	185	172	2	2	2	3
female	173	187	169	2	3	3	1
female	162	175	168	1	3	4	1
female	170	190	170	2	2	2	2
male	187	182	171	4	2	3	2
male	161	181	171	2	3	3	2
female	176	187	173	4	3	2	3
female	175	174	170	4	2	4	1
female	164	188	174	2	2	3	2
female	177	193	174	3	2	2	2
male	193	188	160	3	4	2	3
female	165	181	167	2	2	1	2
female	166	180	167	3	3	2	3
male	183	185	158	3	2	5	2
male	187	184	180	2	3	2	3
male	182	180	161	3	4	3	2
male	174	172	170	3	3	2	3
female	165	178	165	5	4	3	3
female	163	178	160	2	3	2	3
female	183	190	175	3	3	2	3
male	188	194	170	2	3	2	3
male	187	185	170	2	3	2	3
male	181	180	167	5	2	3	3
female	173	189	179	2	2	3	2
male	198	180	180	3	1	2	2
female	173	186	175	2	3	2	4
female	168	187	178	2	2	3	2
male	178	194	164	5	4	4	2
male	175	185	168	2	3	3	3
female	168	179	166	5	3	3	3
male	176	182	169	3	3	4	4
female	182	186	182	4	3	2	1
female	173	182	168	2	2	2	2
male	185	186	164	1	2	2	1
female	175	181	180	6	4	2	2
female	165	175	173	2	3	3	3
female	168	176	160	1	3	5	2
male	174	170	164	2	3	4	3
female	170	192	153	2	2	3	2
female	165	182	168	5	4	3	4
female	170	185	165	3	4	4	4
male	175	179	165	3	3	4	3
female	171	175	168	2	1	2	2
male	180	178	161	4	2	4	1
male	185	184	159	2	2	2	2
female	167	180	165	3	3	5	3
male	186	187	171	4	3	2	2
female	170	178	172	2	2	3	2
female	176	185	175	3	3	5	3
male	176	172	162	3	2	2	2
female	165	184	161	3	2	3	2
male	193	189	173	2	3	3	3
male	180	178	165	3	4	2	4
female	175	165	192	4	2	6	2
female	165	170	172	2	4	2	4
female	173	187	176	5	2	2	2
female	169	180	164	1	3	2	3
female	180	185	166	4	2	4	2
male	170	167	168	3	2	2	2
female	176	182	174	3	3	2	2
female	165	180	165	3	2	1	2
female	165	180	165	3	3	2	3
female	180	185	170	2	2	2	2
male	175	187	158	2	2	2	2
female	168	182	167	2	2	2	2
female	180	193	171	2	2	3	2
female	178	195	172	3	2	1	2
female	163	178	165	2	2	1	2
female	168	178	178	3	3	4	2
male	173	182	164	2	2	2	2
female	171	190	167	2	2	3	1
female	161	173	158	4	4	3	3
female	167	176	169	2	3	2	2
male	177	187	176	3	3	3	3
female	164	172	178	3	3	1	3
female	194	179	181	3	1	2	1
female	178	180	176	2	2	3	2
female	168	183	166	5	3	3	3
male	198	181	183	2	2	2	2
male	182	173	165	1	2	4	2
female	165	183	172	1	2	3	2
female	174	187	173	3	2	3	2
female	156	167	168	2	2	2	2
female	164	170	158	1	2	2	2
male	173	175	167	4	1	2	1
female	171	180	170	3	2	2	2
female	165	180	165	4	3	4	3
female	178	193	177	3	3	3	3
female	170	186	164	4	3	2	3
male	176	180	165	3	1	1	1
male	188	181	182	3	2	2	2
female	164	175	165	2	2	2	2
male	177	185	167	1	2	1	2
male	175	175	158	2	3	3	3
female	177	182	175	3	2	1	1
female	171	198	164	2	4	4	2
female	173	180	165	2	2	3	2
female	168	183	169	4	3	2	2
male	170	172	158	7	2	7	3
female	175	182	171	2	3	2	3
female	174	184	168	3	3	4	3
female	160	188	163	2	2	4	2
female	174	187	168	2	2	2	2
male	192	187	178	4	2	2	2
female	168	185	175	2	3	2	3
female	168	174	178	2	4	2	4
female	171	193	168	4	4	3	4
male	181	172	169	2	3	3	3
female	175	198	168	3	3	3	3
male	189	181	168	4	3	2	3
female	160	172	160	3	1	5	1
female	168	186	168	3	2	2	2
male	188	183	165	1	2	1	2
female	176	182	167	2	2	2	2
female	165	174	167	1	2	2	2
female	173	185	167	3	2	2	2
male	173	173	164	3	2	2	2
female	160	165	158	1	2	2	2
female	163	170	165	2	3	2	2
female	170	180	168	3	4	3	2
female	170	180	168	4	5	2	2
male	177	182	165	4	3	2	2
male	196	185	180	3	4	3	2
female	175	172	169	2	3	3	3
male	173	172	152	3	2	1	2
female	171	186	170	2	2	2	2
female	158	165	168	2	3	1	3
male	192	200	180	2	3	2	2
female	168	180	160	1	2	2	2
female	164	175	170	3	1	3	1
female	170	185	170	3	3	2	3
male	189	184	179	2	2	3	2
male	183	185	178	2	2	3	2
female	177	180	170	2	2	2	2
female	174	180	164	1	3	3	3
female	168	186	155	2	2	3	2
female	174	194	167	4	2	3	2
female	176	183	168	2	3	2	2
female	174	196	180	2	2	2	3
male	190	173	170	3	2	3	2
female	175	193	179	3	2	3	2
female	170	174	164	2	5	3	2
male	190	204	170	2	2	2	2
female	165	190	163	3	2	2	3
male	189	186	170	2	3	2	3
female	178	186	168	4	3	2	3
female	184	189	182	2	2	1	2
female	165	184	168	3	3	4	3
male	189	191	169	2	2	3	2
male	175	180	160	4	2	2	1
male	176	173	169	4	3	4	2
female	174	197	164	4	3	3	3
female	168	189	172	4	3	2	3
male	188	186	177	3	2	3	2
female	160	170	157	8	2	4	2
female	178	188	176	2	1	6	4
female	167	177	174	3	6	3	6
female	159	174	175	3	1	3	1
female	172	192	168	2	4	3	1
male	184	182	174	2	3	3	3
female	174	184	178	4	2	2	2
female	169	172	168	4	2	4	2
female	161	183	166	3	3	3	3
male	179	171	160	2	3	7	2
male	183	180	168	2	2	2	2
female	174	185	165	5	2	4	2
male	190	175	167	2	4	2	4
female	162	180	157	2	2	3	3
female	173	181	165	7	4	6	2
female	176	194	173	5	3	2	3
female	182	197	183	1	2	2	2
female	170	180	180	6	1	2	1
male	186	185	170	5	3	1	2
male	177	187	163	2	2	2	2
male	192	193	180	5	3	4	3
female	168	186	178	3	1	3	1
male	186	175	178	4	2	3	2
female	163	170	166	3	2	2	2
male	174	174	163	3	3	2	3
female	170	190	165	2	2	3	2
male	184	178	175	3	2	3	2
female	161	175	155	3	2	1	2
male	183	170	174	3	1	5	1
female	171	180	170	2	3	4	3
female	163	178	164	2	2	1	2
female	181	183	170	2	1	3	1
female	172	194	153	2	4	3	4
female	171	188	168	2	2	2	2
female	177	193	184	3	3	3	3
female	171	190	181	3	2	3	2
female	170	180	170	1	4	2	4
female	160	184	155	1	3	5	3
male	185	173	173	2	4	3	3
female	169	184	168	3	2	5	2
female	171	182	168	3	3	2	3
female	168	193	168	1	3	3	3
female	170	176	169	4	2	2	2
female	160	175	158	3	3	1	3
female	172	175	169	2	2	4	2
female	183	192	175	3	2	3	2
female	168	190	166	3	2	2	2
female	160	173	159	2	3	3	3
female	173	183	168	2	2	2	2
female	172	176	172	2	2	2	2
female	175	186	170	2	3	2	3
male	176	178	158	2	2	2	2
female	172	182	174	2	2	3	2
female	168	188	173	2	3	3	3
male	172	173	169	7	3	4	3
female	166	187	167	2	2	4	2
male	180	181	164	2	2	5	2
female	162	185	171	3	2	2	2
male	188	180	182	3	2	2	2
male	191	185	165	2	1	3	4
female	170	185	175	6	5	1	2
female	171	187	163	2	2	2	2
female	158	170	158	2	2	2	2
female	175	185	175	3	3	3	3
female	175	184	174	2	2	3	2
male	189	181	167	2	4	6	4
female	168	170	165	4	2	3	3
male	180	177	169	2	3	2	3
female	165	177	170	2	2	6	3
female	178	208	165	1	1	3	1
male	176	193	168	3	6	3	6
male	174	174	169	1	3	3	3
male	190	178	184	1	2	2	2
female	178	185	174	2	1	3	1
female	168	173	169	3	2	1	2
female	182	195	180	3	3	3	3
female	171	182	162	5	4	1	2
male	190	181	180	5	4	3	4
male	180	180	165	3	1	4	2
female	167	180	167	2	1	1	1
female	163	176	167	2	2	3	2
female	180	191	175	6	2	3	2
female	168	184	174	3	2	2	2
female	170	186	167	2	3	2	3
female	172	183	172	3	2	1	2
female	176	187	174	3	2	2	2
female	171	175	161	3	3	2	3
female	171	180	168	4	2	2	2
female	170	180	170	2	3	3	3
female	180	184	175	3	3	2	3
male	186	179	168	2	2	3	2
male	179	185	169	2	2	1	2
male	186	180	160	2	2	2	2
male	176	184	167	2	2	2	2
female	178	182	175	2	1	5	1
female	168	168	178	7	2	2	2
male	193	195	170	2	3	3	2
male	169	173	164	1	3	2	3
male	185	185	175	2	2	2	2
female	175	182	173	3	3	2	1
male	183	187	165	2	4	5	4
female	168	188	167	2	2	1	2
female	175	183	167	3	2	3	2
female	175	185	168	3	2	2	2
female	170	193	171	3	2	2	2
female	160	180	155	2	2	9	3
female	169	174	170	3	2	2	2
female	172	180	180	2	2	3	2
female	166	169	180	3	3	2	2
male	196	190	176	5	2	2	2
female	178	184	173	2	3	3	2
male	178	176	170	2	4	5	4
female	173	183	173	2	2	2	1
female	176	183	174	2	3	1	3
female	166	185	164	2	2	3	2
female	164	182	160	2	2	2	1
female	172	178	170	2	2	2	2
female	165	184	163	2	4	2	2
female	161	182	164	4	2	1	2
female	170	193	165	2	2	2	2
male	200	188	179	3	3	1	3
female	176	178	177	4	2	9	3
female	158	180	162	3	2	2	2
female	155	169	160	2	4	2	3
male	183	185	167	3	2	2	2
female	174	180	172	2	2	2	2
male	175	178	173	3	3	2	2
male	192	197	169	2	1	3	1
male	189	194	178	2	3	2	2
female	175	183	163	3	3	6	3
female	184	192	177	2	2	1	2
female	169	183	173	2	2	3	2
female	167	178	172	3	2	1	2
male	181	180	175	3	3	4	3
male	196	190	180	2	4	2	4
female	171	180	170	5	2	4	2
female	161	178	166	3	2	2	2
male	197	169	174	3	2	3	2
male	178	180	157	2	2	2	2
female	175	183	162	3	4	5	2
female	172	184	168	1	3	1	2
male	180	176	169	7	2	1	2
female	163	177	163	3	3	2	3
female	160	171	170	3	1	3	4
female	164	168	160	2	2	2	3
female	162	175	165	3	2	3	2
female	162	180	176	5	3	3	4
female	160	178	160	3	2	2	2
male	185	185	175	5	3	3	3
male	183	180	175	1	1	2	2
female	178	191	163	3	2	3	2
female	175	190	173	2	2	3	2
female	173	184	165	3	4	2	4
male	172	169	160	4	2	6	2
male	172	186	160	2	2	2	2
female	168	188	166	5	2	5	2
female	168	187	162	3	3	2	3
female	172	186	169	2	2	3	3
female	176	170	175	4	6	2	6
female	163	180	165	2	4	2	4
female	179	184	180	2	4	2	4
female	175	185	169	3	2	1	2
male	192	182	180	3	3	1	3
female	180	192	176	2	2	2	2
male	176	183	170	2	2	2	2
male	188	178	160	3	3	3	3
female	173	176	167	4	4	3	2
female	170	172	170	2	5	2	3
male	186	189	162	4	2	5	2
female	163	172	178	1	2	3	2
female	171	184	174	2	3	2	3
male	176	178	166	4	2	2	2
female	177	193	172	3	2	2	2
male	192	191	173	1	2	2	2
female	166	173	165	2	2	3	2
female	167	181	173	4	2	1	2
female	177	197	170	2	2	2	2
female	159	178	158	4	4	6	2
female	160	180	160	1	2	2	2
female	158	180	170	7	3	3	3
female	169	186	162	2	2	3	2
male	193	195	171	2	3	3	2
female	173	189	169	3	2	4	2
male	188	173	180	1	3	3	3
